0 3 147 0 0
1 1056770 0 1 0
2 65546 0 2 0
3 0 0 3 0
4 3 0 4 0
5 2 0 5 0
6 1081379 1 6 0
7 0 0 7 0
8 8454144 25 8 0
9 8454147 8 9 0
10 10551299 9 10 0
11 0 0 11 0
12 0 0 12 0
13 17 4 13 0
14 65667 0 14 0
15 65536 0 15 0
16 18941955 0 16 0
17 2166787 16 17 0
18 2166787 17 18 0
19 2166791 18 19 0
20 18944003 8 20 0
21 2166787 8 21 0
22 2166787 8 22 0
23 2166787 8 23 0
24 2166787 8 24 0
25 16844931 0 25 0
26 69763 25 26 0
27 69763 25 27 0
28 69763 27 28 0
29 65667 0 29 0
30 2162691 8 30 0
31 536936459 0 31 0
32 536936459 16 32 0
33 536936458 32 33 0
34 65536 0 34 0
35 65536 0 35 0
36 2166784 8 36 0
37 3 38 37 0
38 2 40 38 0
39 3 0 39 0
40 3 41 40 0
41 3 0 41 0
42 10 4 42 0
43 8 42 43 0
44 8 0 44 0
45 26 42 45 0
46 198659 0 46 0
47 65538 0 47 0
48 65667 0 48 0
49 329731 0 49 0
50 11 0 50 0
51 536936587 52 51 0
52 536936587 31 52 0
53 536936459 54 53 0
54 536936459 33 54 0
55 536936451 16 55 0
56 69762 0 56 0
57 6361091 17 57 0
58 6361091 18 58 0
59 2162690 87 59 0
60 67651 0 60 0
61 1073809475 0 61 0
62 67651 0 62 0
63 1073809473 123 63 0
64 67651 0 64 0
65 67651 0 65 0
66 67651 0 66 0
67 1073809475 0 67 0
68 1073809475 0 68 0
69 1073743939 0 69 0
70 67651 0 70 0
71 2115 100 71 0
72 2115 0 72 0
73 67651 0 73 0
74 65603 0 74 0
75 2115 0 75 0
76 1073809475 0 76 0
77 1073809475 0 77 0
78 67651 0 78 0
79 1073743939 0 79 0
80 1073809475 0 80 0
81 67651 0 81 0
82 1073809475 0 82 0
83 67651 0 83 0
84 1073809475 0 84 0
85 2166790 17 85 0
86 2166788 19 86 0
87 2166787 88 87 0
88 2166791 16 88 0
89 65539 0 89 0
90 65536 0 90 0
91 33554443 0 91 0
92 0 0 92 0
93 0 0 93 0
94 3 0 94 0
95 2097155 16 95 0
96 2114 0 96 0
97 2146 96 97 0
98 2130 96 98 0
99 10306 0 99 0
100 1073774699 99 100 0
101 16466 99 101 0
102 73 0 102 0
103 73 0 103 0
104 73 0 104 0
105 196610 0 105 0
106 327682 0 106 0
107 67700739 16 107 0
108 67700867 111 108 0
109 196611 0 109 0
110 327683 0 110 0
111 67698691 0 111 0
112 67698690 111 112 0
113 1073809475 0 113 0
114 2050 0 114 0
115 2082 114 115 0
116 2066 114 116 0
117 18941952 87 117 0
118 23136259 57 118 0
119 66 4 119 0
120 67 0 120 0
121 131 14 121 0
122 65538 0 122 0
123 1073809506 128 123 0
124 536936459 52 124 0
125 536936459 31 125 0
126 4099 0 126 0
127 2 0 127 0
128 1073807434 0 128 0
129 1073811538 128 129 0
130 65539 0 130 0
131 1048579 1 131 0
132 1048611 131 132 0
133 1073811523 0 133 0
134 1073811523 0 134 0
135 32770 42 135 0
136 69699 62 136 0
137 195 14 137 0
138 1073807425 63 138 0
139 2 0 139 0
140 3 114 140 0
141 2 115 141 0
142 2 0 142 0
143 0 5 143 0
144 2 0 144 0
145 0 0 145 0
146 18 148 146 0
147 34 146 147 0
148 19 146 148 0
149 35 148 149 0
150 0 148 150 0
151 32 150 151 0
152 16 150 152 0
153 65539 0 153 0
154 65539 0 154 0
155 65539 0 155 0
156 65539 0 156 0
157 0 0 157 0
158 3 0 158 0
159 3 0 159 0
160 0 0 160 0
161 2 0 161 0
162 0 0 162 0
163 0 0 163 0
164 0 0 164 0
165 0 0 165 0
166 0 0 166 0
167 0 0 167 0
168 0 0 168 0
169 3 0 169 0
170 2097154 19 170 0
171 2097154 19 171 0
172 2097154 16 172 0
173 2097154 19 173 0
174 2097154 16 174 0
175 2097154 30 175 0
176 2097154 19 176 0
177 2097154 0 177 0
178 2097154 19 178 0
179 2097154 19 179 0
180 2 0 180 0
181 3 19 181 0
182 3 0 182 0
183 2 0 183 0
184 2 0 184 0
185 67651 0 185 0
186 67651 0 186 0
187 1 5 187 0
188 35 50 188 0
189 16 50 189 0
190 0 0 190 0
191 0 159 191 0
192 3 0 192 0
193 2 0 193 0
194 2 0 194 0
195 1073807427 0 195 0
196 66 1 196 0
197 66 69 197 0
198 0 0 198 0
199 65603 61 199 0
200 3 0 200 0
201 3 0 201 0
202 3 0 202 0
203 3 115 203 0
204 0 0 204 0
205 0 0 205 0
206 0 0 206 0
207 0 0 207 0
208 65603 60 208 0
209 65603 84 209 0
210 65603 113 210 0
211 2115 69 211 0
212 2101255 16 212 0
213 65539 0 213 0
214 65539 0 214 0
215 65539 0 215 0
216 65539 0 216 0
217 65539 0 217 0
218 65539 0 218 0
219 65539 0 219 0
220 65539 0 220 0
221 65539 0 221 0
222 65539 0 222 0
223 66 119 223 0
224 3 127 224 0
225 67587 0 225 0
226 2 0 226 0
227 2 0 227 0
228 2 0 228 0
229 3 376 0 3
230 1056771 1 1 3
231 65546 229 2 3
232 0 229 3 3
233 2 229 4 3
234 2 229 5 3
235 1081378 6 6 3
236 0 229 7 3
237 8454144 254 8 3
238 8454147 237 9 3
239 10551299 238 10 3
240 0 229 11 3
241 0 229 12 3
242 16 233 13 3
243 65667 229 14 3
244 65536 229 15 3
245 18941955 229 16 3
246 2166787 245 17 3
247 2166787 246 18 3
248 2166785 247 19 3
249 18939907 237 20 3
250 2162688 237 21 3
251 2162688 237 22 3
252 2162688 237 23 3
253 2162691 237 24 3
254 16844931 229 25 3
255 69763 254 26 3
256 69763 254 27 3
257 69763 254 28 3
258 65667 229 29 3
259 2162688 237 30 3
260 65547 229 31 3
261 536936459 245 32 3
262 536936458 261 33 3
263 65536 229 34 3
264 65536 229 35 3
265 2162688 237 36 3
266 1 267 37 3
267 2 269 38 3
268 3 229 39 3
269 3 229 40 3
270 2 229 41 3
271 10 233 42 3
272 8 229 43 3
273 8 229 44 3
274 26 271 45 3
275 198658 229 46 3
276 65538 229 47 3
277 65667 229 48 3
278 329730 229 49 3
279 11 229 50 3
280 536936587 281 51 3
281 536936587 260 52 3
282 536936458 283 53 3
283 536936458 262 54 3
284 536936451 245 55 3
285 69762 229 56 3
286 6361091 246 57 3
287 6361091 247 58 3
288 2162690 316 59 3
289 67587 229 60 3
290 67587 229 61 3
291 67587 229 62 3
292 67585 352 63 3
293 67587 229 64 3
294 67587 229 65 3
295 67585 229 66 3
296 67587 229 67 3
297 67587 229 68 3
298 2051 229 69 3
299 67587 229 70 3
300 2051 329 71 3
301 2051 229 72 3
302 67587 229 73 3
303 65539 229 74 3
304 2051 229 75 3
305 67585 229 76 3
306 67587 229 77 3
307 67587 229 78 3
308 2051 229 79 3
309 67585 229 80 3
310 67587 229 81 3
311 67587 229 82 3
312 67587 229 83 3
313 67587 229 84 3
314 2166790 246 85 3
315 2166788 248 86 3
316 2166787 317 87 3
317 2166791 245 88 3
318 65536 229 89 3
319 65536 229 90 3
320 33554443 229 91 3
321 0 229 92 3
322 0 229 93 3
323 3 229 94 3
324 2097155 245 95 3
325 2051 229 96 3
326 2083 325 97 3
327 2067 325 98 3
328 10242 229 99 3
329 32811 328 100 3
330 16402 328 101 3
331 9 229 102 3
332 9 229 103 3
333 9 229 104 3
334 196610 229 105 3
335 327682 229 106 3
336 67700739 245 107 3
337 67700866 340 108 3
338 196611 229 109 3
339 327683 229 110 3
340 67698691 229 111 3
341 67698690 340 112 3
342 67587 229 113 3
343 2050 229 114 3
344 2082 343 115 3
345 2066 343 116 3
346 18941952 316 117 3
347 23136258 286 118 3
348 2 233 119 3
349 2 229 120 3
350 130 229 121 3
351 65538 229 122 3
352 67618 357 123 3
353 536936458 281 124 3
354 536936458 260 125 3
355 4099 229 126 3
356 2 229 127 3
357 65546 229 128 3
358 69650 357 129 3
359 65539 229 130 3
360 1048579 230 131 3
361 1048611 360 132 3
362 69635 229 133 3
363 69635 229 134 3
364 32770 271 135 3
365 69635 291 136 3
366 129 243 137 3
367 65537 292 138 3
368 2 229 139 3
369 3 229 140 3
370 2 344 141 3
371 2 229 142 3
372 0 234 143 3
373 2 229 144 3
374 0 229 145 3
375 16 377 146 3
376 32 375 147 3
377 16 375 148 3
378 32 377 149 3
379 0 377 150 3
380 32 379 151 3
381 16 379 152 3
382 65536 229 153 3
383 65536 229 154 3
384 65536 229 155 3
385 65536 229 156 3
386 0 229 157 3
387 3 229 158 3
388 3 229 159 3
389 0 229 160 3
390 0 229 161 3
391 0 229 162 3
392 0 229 163 3
393 0 229 164 3
394 0 229 165 3
395 0 229 166 3
396 0 229 167 3
397 0 229 168 3
398 3 229 169 3
399 2097154 229 170 3
400 2097154 229 171 3
401 2097154 229 172 3
402 2097154 229 173 3
403 2097154 229 174 3
404 2097154 229 175 3
405 2097154 229 176 3
406 2097154 229 177 3
407 2097154 229 178 3
408 2097154 229 179 3
409 2 229 180 3
410 3 229 181 3
411 3 229 182 3
412 2 229 183 3
413 3 229 184 3
414 67585 229 185 3
415 67587 229 186 3
416 1 234 187 3
417 35 279 188 3
418 16 279 189 3
419 0 229 190 3
420 0 388 191 3
421 3 229 192 3
422 2 229 193 3
423 2 229 194 3
424 65539 229 195 3
425 2 230 196 3
426 2 298 197 3
427 0 229 198 3
428 65539 290 199 3
429 3 229 200 3
430 3 229 201 3
431 3 229 202 3
432 3 344 203 3
433 0 229 204 3
434 0 229 205 3
435 0 229 206 3
436 0 229 207 3
437 65539 289 208 3
438 65539 313 209 3
439 65539 342 210 3
440 2051 298 211 3
441 2101251 245 212 3
442 65539 229 213 3
443 65539 229 214 3
444 65539 229 215 3
445 65539 229 216 3
446 65539 229 217 3
447 65539 229 218 3
448 65539 229 219 3
449 65539 229 220 3
450 65539 229 221 3
451 65539 229 222 3
452 2 348 223 3
453 3 356 224 3
454 67587 229 225 3
455 3 229 226 3
456 3 229 227 3
457 3 229 228 3
458 3 5 458 0
459 3 5 459 0
460 3 5 460 0
461 3 234 458 3
462 3 234 459 3
463 3 234 460 3
464 3 0 464 0
465 3 229 464 3
466 1056770 1 466 0
467 1056802 1 467 0
468 1056770 6 468 0
469 1048578 466 466 3
470 1048578 467 467 3
471 1056770 468 468 3
472 1081379 468 472 0
473 1056803 471 472 3
474 1073743875 14 474 0
475 2051 243 474 3
476 65667 0 476 0
477 65539 0 477 0
478 69635 0 478 0
479 65667 0 476 3
480 65538 0 477 3
481 69635 0 478 3
482 2166790 85 482 0
483 2166786 314 482 3
484 33619979 0 484 0
485 33619971 0 484 3
486 2048 0 486 0
487 2051 0 487 0
488 2051 0 486 3
489 2051 0 487 3
490 2051 0 490 0
491 2051 0 490 3
492 3 226 492 0
493 3 228 493 0
494 3 455 492 3
495 3 457 493 3
496 2051 0 496 0
497 2051 0 497 0
498 2051 0 496 3
499 2051 0 497 3
500 33619979 0 500 0
501 33619971 0 500 3
502 2051 0 502 0
503 2051 0 503 0
504 2051 0 502 3
505 2051 0 503 3
506 2115 0 506 0
507 3 229 506 3
508 18941955 16 508 0
509 18941955 245 508 3
510 18941952 117 510 0
511 18941952 346 510 3
512 18944003 20 512 0
513 18944003 249 512 3
514 16846979 25 514 0
515 16846979 254 514 3
516 23136259 118 516 0
517 23136259 347 516 3
518 1073809475 0 518 0
519 67651 229 518 3
520 1073809475 0 520 0
521 67651 229 520 3
522 1073809475 0 522 0
523 67651 229 522 3
524 10 42 524 0
525 10 271 524 3
526 10 524 526 0
527 10 525 526 3
528 10 45 528 0
529 10 274 528 3
530 10 524 530 0
531 10 525 530 3
532 3 41 532 0
533 3 270 532 3
534 10 45 534 0
535 10 274 534 3
536 8 43 536 0
537 8 272 536 3
538 8 44 538 0
539 8 273 538 3
540 10 42 540 0
541 10 271 540 3
542 10 540 542 0
543 10 541 542 3
544 10 540 544 0
545 10 541 544 3
546 10 534 546 0
547 10 535 546 3
548 3 532 548 0
549 3 548 548 3
550 10 534 550 0
551 10 550 550 3
552 8 536 552 0
553 8 272 552 3
554 8 538 554 0
555 8 273 554 3
556 10 540 556 0
557 10 271 556 3
558 10 556 558 0
559 10 557 558 3
560 10 556 560 0
561 10 560 560 3
562 10 550 562 0
563 10 562 562 3
564 3 37 564 0
565 3 564 564 3
566 3 532 566 0
567 3 533 566 3
568 3 39 568 0
569 3 268 568 3
570 1 187 570 0
571 1 416 570 3
572 3 568 572 0
573 3 572 572 3
574 1 570 574 0
575 1 574 574 3
576 131 0 576 0
577 131 229 576 3
578 2 0 578 0
579 2 229 578 3
580 3 0 580 0
581 3 229 580 3
582 2051 0 582 0
583 2051 229 582 3
584 11 0 584 0
585 11 229 584 3
586 11 91 586 0
587 11 320 586 3
588 11 91 588 0
589 11 320 588 3
590 67 0 590 0
591 67 229 590 3
592 67 4 592 0
593 67 233 592 3
594 67 0 594 0
595 67 229 594 3
596 67 11 596 0
597 67 240 596 3
598 67 12 598 0
599 67 241 598 3
600 2115 60 600 0
601 2115 289 600 3
602 67 84 602 0
603 67 313 602 3
604 67 0 604 0
605 67 229 604 3
606 66 4 606 0
607 66 233 606 3
608 66 5 608 0
609 66 234 608 3
610 64 11 610 0
611 64 240 610 3
612 64 12 612 0
613 64 241 612 3
614 2115 60 614 0
615 2115 289 614 3
616 2115 84 616 0
617 2115 313 616 3
618 771 0 618 0
619 771 229 618 3
620 778 4 620 0
621 778 233 620 3
622 778 5 622 0
623 778 234 622 3
624 778 622 624 0
625 778 623 624 3
626 776 93 626 0
627 776 322 626 3
628 776 92 628 0
629 776 321 628 3
630 768 11 630 0
631 768 240 630 3
632 768 12 632 0
633 768 241 632 3
634 778 13 634 0
635 778 242 634 3
636 771 94 636 0
637 771 323 636 3
638 770 38 638 0
639 770 267 638 3
640 771 37 640 0
641 771 266 640 3
642 771 39 642 0
643 771 268 642 3
644 769 187 644 0
645 769 416 644 3
646 2883 52 646 0
647 2883 281 646 3
648 771 40 648 0
649 771 269 648 3
650 4098 58 650 0
651 4098 287 650 3
652 69763 476 652 0
653 69763 479 652 3
654 6361091 57 654 0
655 6361091 286 654 3
656 6361090 58 656 0
657 6361090 287 656 3
658 18941955 16 658 0
659 18941955 245 658 3
660 2097155 0 660 0
661 2097155 229 660 3
662 2097155 95 662 0
663 2097155 324 662 3
664 3 37 664 0
665 3 266 664 3
666 2 38 666 0
667 2 267 666 3
668 3 39 668 0
669 3 268 668 3
670 6359051 118 670 0
671 6359051 347 670 3
672 18941955 16 672 0
673 18941955 245 672 3
674 18941955 117 674 0
675 18941955 346 674 3
676 18944003 20 676 0
677 18944003 249 676 3
678 16844931 25 678 0
679 16844931 254 678 3
680 23136259 118 680 0
681 23136259 347 680 3
682 18941955 16 682 0
683 18941955 245 682 3
684 18941952 117 684 0
685 18941952 346 684 3
686 18944003 20 686 0
687 18944003 249 686 3
688 16844931 25 688 0
689 16844931 254 688 3
690 23136259 118 690 0
691 23136259 347 690 3
692 18941955 16 692 0
693 18941955 245 692 3
694 18941952 117 694 0
695 18941952 346 694 3
696 18944003 20 696 0
697 18944003 249 696 3
698 16844931 25 698 0
699 16844931 254 698 3
700 23136259 118 700 0
701 23136259 347 700 3
702 515 38 702 0
703 3 267 702 3
704 3 37 704 0
705 3 266 704 3
706 3 39 706 0
707 3 268 706 3
708 3 37 708 0
709 3 266 708 3
710 3 0 710 0
711 3 229 710 3
712 3 39 712 0
713 3 268 712 3
714 32 157 714 0
715 32 386 714 3
716 23136259 118 716 0
717 23136259 347 716 3
718 16844931 698 718 0
719 16844931 699 718 3
720 16844931 698 720 0
721 16844931 699 720 3
722 65546 53 722 0
723 65546 282 722 3
724 65547 54 724 0
725 65547 283 724 3
726 65547 124 726 0
727 65547 353 726 3
728 65547 125 728 0
729 65547 354 728 3
730 515 702 730 0
731 515 703 730 3
732 2147 97 732 0
733 2147 326 732 3
734 536936451 1082 734 0
735 536936451 1083 734 3
736 2097155 95 736 0
737 2097155 324 736 3
738 2097155 0 738 0
739 2097155 229 738 3
740 2097155 95 740 0
741 2097155 324 740 3
742 134217859 0 742 0
743 131 229 742 3
744 135274498 1 744 0
745 1056770 230 744 3
746 134217730 5 746 0
747 2 234 746 3
748 142606339 9 748 0
749 3 238 748 3
750 153094147 16 750 0
751 18876419 245 750 3
752 268435459 742 752 0
753 3 743 752 3
754 287311875 750 754 0
755 18876419 751 754 3
756 287311875 750 756 0
757 18876419 751 756 3
758 287311875 750 758 0
759 18876419 751 758 3
760 287311875 750 760 0
761 18876419 751 760 3
762 287311875 750 762 0
763 18876419 751 762 3
764 268435459 742 764 0
765 3 743 764 3
766 268435459 742 766 0
767 3 743 766 3
768 268435459 742 768 0
769 3 743 768 3
770 269492258 744 770 0
771 1056802 745 770 3
772 268435491 742 772 0
773 35 743 772 3
774 2101251 17 774 0
775 2101251 246 774 3
776 67651 67 776 0
777 67651 296 776 3
778 67651 0 778 0
779 67651 229 778 3
780 67 67 780 0
781 67 296 780 3
782 67 0 782 0
783 67 229 782 3
784 67 0 784 0
785 67 229 784 3
786 67 0 786 0
787 67 229 786 3
788 67 0 788 0
789 67 229 788 3
790 107 103 790 0
791 107 332 790 3
792 67651 0 792 0
793 67651 229 792 3
794 67 0 794 0
795 67 229 794 3
796 67 0 796 0
797 67 229 796 3
798 67651 0 798 0
799 67651 229 798 3
800 65546 53 800 0
801 65546 282 800 3
802 0 153 802 0
803 0 229 802 3
804 128 0 804 0
805 128 229 804 3
806 33554443 91 806 0
807 33554443 320 806 3
808 0 0 808 0
809 0 229 808 3
810 6361090 58 810 0
811 6361090 287 810 3
812 6361090 58 812 0
813 6361090 287 812 3
814 6361090 126 814 0
815 6361090 355 814 3
816 2 143 816 0
817 2 372 816 3
818 6361090 57 818 0
819 6361090 286 818 3
820 2 0 820 0
821 2 229 820 3
822 6361090 57 822 0
823 6361090 286 822 3
824 6361090 57 824 0
825 6361090 286 824 3
826 6361090 58 826 0
827 6361090 287 826 3
828 536936458 51 828 0
829 536936458 280 828 3
830 536936458 53 830 0
831 536936458 282 830 3
832 536936458 53 832 0
833 536936458 282 832 3
834 536936458 53 834 0
835 536936458 282 834 3
836 65667 48 836 0
837 65667 277 836 3
838 327682 106 838 0
839 327682 335 838 3
840 329731 49 840 0
841 329730 278 840 3
842 327683 110 842 0
843 327683 339 842 3
844 6361090 58 844 0
845 6361090 287 844 3
846 6361090 58 846 0
847 6361090 287 846 3
848 6361090 58 848 0
849 6361090 287 848 3
850 6361090 118 850 0
851 6361090 347 850 3
852 65546 181 852 0
853 65546 410 852 3
854 65546 181 854 0
855 65546 410 854 3
856 2 38 856 0
857 2 267 856 3
858 2 39 858 0
859 2 268 858 3
860 536936458 25 860 0
861 536936458 254 860 3
862 536936458 52 862 0
863 536936458 281 862 3
864 536936458 54 864 0
865 536936458 283 864 3
866 536936458 125 866 0
867 536936458 354 866 3
868 536936458 54 868 0
869 536936458 354 868 3
870 536936458 125 870 0
871 536936458 354 870 3
872 536936458 125 872 0
873 536936458 354 872 3
874 65546 25 874 0
875 65546 254 874 3
876 65546 51 876 0
877 65546 280 876 3
878 65546 52 878 0
879 65546 281 878 3
880 65546 54 880 0
881 65546 283 880 3
882 65546 53 882 0
883 65546 282 882 3
884 65546 53 884 0
885 65546 282 884 3
886 65546 53 886 0
887 65546 282 886 3
888 65546 125 888 0
889 65546 354 888 3
890 65546 124 890 0
891 65546 353 890 3
892 65546 124 892 0
893 65546 353 892 3
894 65546 124 894 0
895 65546 353 894 3
896 65546 25 896 0
897 65546 254 896 3
898 65546 51 898 0
899 65546 280 898 3
900 65546 52 900 0
901 65546 281 900 3
902 65546 54 902 0
903 65546 283 902 3
904 65546 53 904 0
905 65546 282 904 3
906 65546 53 906 0
907 65546 282 906 3
908 65546 53 908 0
909 65546 282 908 3
910 65546 125 910 0
911 65546 354 910 3
912 65546 124 912 0
913 65546 353 912 3
914 65546 124 914 0
915 65546 353 914 3
916 65546 124 916 0
917 65546 353 916 3
918 66570 25 918 0
919 66570 254 918 3
920 66570 51 920 0
921 66570 280 920 3
922 66570 52 922 0
923 66570 280 922 3
924 66570 54 924 0
925 66570 283 924 3
926 66570 53 926 0
927 66570 282 926 3
928 66570 53 928 0
929 66570 282 928 3
930 66570 53 930 0
931 66570 282 930 3
932 66570 125 932 0
933 66570 354 932 3
934 66570 124 934 0
935 66570 353 934 3
936 66570 124 936 0
937 66570 353 936 3
938 66570 124 938 0
939 66570 353 938 3
940 65546 25 940 0
941 65546 254 940 3
942 65546 51 942 0
943 65546 280 942 3
944 65546 52 944 0
945 65546 281 944 3
946 65546 54 946 0
947 65546 283 946 3
948 65546 53 948 0
949 65546 282 948 3
950 65546 53 950 0
951 65546 282 950 3
952 65546 53 952 0
953 65546 282 952 3
954 65546 125 954 0
955 65546 354 954 3
956 65546 124 956 0
957 65546 353 956 3
958 65546 124 958 0
959 65546 353 958 3
960 65546 124 960 0
961 65546 353 960 3
962 69635 54 962 0
963 69635 283 962 3
964 69635 54 964 0
965 69635 283 964 3
966 69635 54 966 0
967 69635 283 966 3
968 69635 54 968 0
969 69635 283 968 3
970 6361090 57 970 0
971 6361090 286 970 3
972 6361090 57 972 0
973 6361090 286 972 3
974 6361091 57 974 0
975 6361091 286 974 3
976 6361091 57 976 0
977 6361091 286 976 3
978 6361091 57 978 0
979 6361091 286 978 3
980 2701199363 25 980 0
981 2701199363 254 980 3
982 2162690 59 982 0
983 2162690 288 982 3
984 2166787 54 984 0
985 2166787 283 984 3
986 2701199363 980 986 0
987 2701199363 981 986 3
988 16844803 986 988 0
989 16844803 987 988 3
990 2 816 990 0
991 2 817 990 3
992 2162690 59 992 0
993 2162690 288 992 3
994 67700739 107 994 0
995 67700739 336 994 3
996 2166790 85 996 0
997 2166790 314 996 3
998 2166791 88 998 0
999 2166791 317 998 3
1000 2101255 212 1000 0
1001 2101255 441 1000 3
1002 4099 126 1002 0
1003 4099 355 1002 3
1004 6361091 57 1004 0
1005 6361091 286 1004 3
1006 3 37 1006 0
1007 3 266 1006 3
1008 67700739 107 1008 0
1009 67700739 336 1008 3
1010 67700739 107 1010 0
1011 67700739 336 1010 3
1012 2 990 1012 0
1013 2 991 1012 3
1014 6361091 57 1014 0
1015 6361091 286 1014 3
1016 6361091 57 1016 0
1017 6361091 286 1016 3
1018 6361091 57 1018 0
1019 6361091 286 1018 3
1020 6361091 57 1020 0
1021 6361091 286 1020 3
1022 6361091 57 1022 0
1023 6361091 286 1022 3
1024 6361091 57 1024 0
1025 6361091 286 1024 3
1026 69763 26 1026 0
1027 69763 255 1026 3
1028 6361091 57 1028 0
1029 6361091 286 1028 3
1030 3 37 1030 0
1031 3 266 1030 3
1032 3 38 1032 0
1033 3 267 1032 3
1034 6361091 212 1034 0
1035 6361091 441 1034 3
1036 3 187 1036 0
1037 3 416 1036 3
1038 3 37 1038 0
1039 3 266 1038 3
1040 2 0 1040 0
1041 2 229 1040 3
1042 2 816 1042 0
1043 2 817 1042 3
1044 2 820 1044 0
1045 2 821 1044 3
1046 2048 0 1046 0
1047 2048 229 1046 3
1048 2051 0 1048 0
1049 2051 229 1048 3
1050 2 38 1050 0
1051 2 267 1050 3
1052 4099 126 1052 0
1053 4099 355 1052 3
1054 3 37 1054 0
1055 3 266 1054 3
1056 6361091 0 1056 0
1057 6361091 229 1056 3
1058 6361091 0 1058 0
1059 6361091 229 1058 3
1060 6361091 57 1060 0
1061 6361091 286 1060 3
1062 6361091 57 1062 0
1063 6361091 286 1062 3
1064 6361091 57 1064 0
1065 6361091 286 1064 3
1066 2147553283 962 1066 0
1067 2147553283 283 1066 3
1068 2166787 21 1068 0
1069 2166787 250 1068 3
1070 23136259 118 1070 0
1071 23136259 347 1070 3
1072 6359043 49 1072 0
1073 6359043 278 1072 3
1074 6359043 49 1074 0
1075 6359043 278 1074 3
1076 16842883 0 1076 0
1077 16844931 229 1076 3
1078 69635 54 1078 0
1079 69635 283 1078 3
1080 6361090 58 1080 0
1081 6361090 287 1080 3
1082 65546 181 1082 0
1083 65546 410 1082 3
1084 536936451 55 1084 0
1085 536936451 284 1084 3
1086 536936458 25 1086 0
1087 536936458 254 1086 3
1088 536936587 51 1088 0
1089 536936587 280 1088 3
1090 536936587 51 1090 0
1091 536936587 280 1090 3
1092 536936458 53 1092 0
1093 536936458 282 1092 3
1094 536936459 54 1094 0
1095 536936459 283 1094 3
1096 2149650435 17 1096 0
1097 2149650435 246 1096 3
1098 2147553411 26 1098 0
1099 2147553411 255 1098 3
1100 2149650435 87 1100 0
1101 2149650435 316 1100 3
1102 6361091 57 1102 0
1103 6361091 286 1102 3
1104 6361091 57 1104 0
1105 6361091 286 1104 3
1106 536936458 53 1106 0
1107 536936458 282 1106 3
1108 536936458 53 1108 0
1109 536936458 282 1108 3
1110 536936458 53 1110 0
1111 536936458 282 1110 3
1112 536936458 53 1112 0
1113 536936458 282 1112 3
1114 536936459 54 1114 0
1115 536936459 283 1114 3
1116 536936459 54 1116 0
1117 536936459 283 1116 3
1118 536936459 54 1118 0
1119 536936459 283 1118 3
1120 536936459 54 1120 0
1121 536936459 283 1120 3
1122 536936459 54 1122 0
1123 536936459 283 1122 3
1124 3 0 1124 0
1125 3 229 1124 3
1126 2149650435 21 1126 0
1127 2149650435 250 1126 3
1128 69763 26 1128 0
1129 69763 255 1128 3
1130 2166787 17 1130 0
1131 2166787 246 1130 3
1132 2166787 87 1132 0
1133 2166787 316 1132 3
1134 2166787 21 1134 0
1135 2166787 250 1134 3
1136 6361091 57 1136 0
1137 6361091 286 1136 3
1138 2 193 1138 0
1139 2 422 1138 3
1140 2 193 1140 0
1141 2 422 1140 3
1142 2 193 1142 0
1143 2 422 1142 3
1144 2 193 1144 0
1145 2 422 1144 3
1146 17 13 1146 0
1147 17 242 1146 3
1148 536936459 54 1148 0
1149 536936459 283 1148 3
1150 1027 4 1150 0
1151 1027 233 1150 3
1152 1026 5 1152 0
1153 1026 234 1152 3
1154 1027 0 1154 0
1155 1027 229 1154 3
1156 1024 11 1156 0
1157 1024 240 1156 3
1158 1024 12 1158 0
1159 1024 241 1158 3
1160 1027 4 1160 0
1161 1027 233 1160 3
1162 1041 13 1162 0
1163 1041 242 1162 3
1164 8455168 8 1164 0
1165 8455168 237 1164 3
1166 68675 60 1166 0
1167 68675 289 1166 3
1168 1073744963 69 1168 0
1169 1073744963 298 1168 3
1170 1073744963 69 1170 0
1171 1073744963 298 1170 3
1172 3170 97 1172 0
1173 3170 326 1172 3
1174 3170 97 1174 0
1175 3170 326 1174 3
1176 3170 97 1176 0
1177 3170 326 1176 3
1178 1073744899 474 1178 0
1179 1073744899 475 1178 3
1180 1073744899 474 1180 0
1181 1073744899 475 1180 3
1182 536937611 51 1182 0
1183 536937611 280 1182 3
1184 536937611 51 1184 0
1185 536937611 280 1184 3
1186 68675 60 1186 0
1187 68675 289 1186 3
1188 3170 97 1188 0
1189 3170 326 1188 3
1190 1073810499 84 1190 0
1191 1073810499 313 1190 3
1192 1073744963 79 1192 0
1193 1073744963 308 1192 3
1194 3170 97 1194 0
1195 3170 326 1194 3
1196 3170 97 1196 0
1197 3170 326 1196 3
1198 3170 97 1198 0
1199 3170 326 1198 3
1200 1027 0 1200 0
1201 1027 229 1200 3
1202 1027 0 1202 0
1203 1027 229 1202 3
1204 1027 0 1204 0
1205 1027 229 1204 3
1206 68675 60 1206 0
1207 68675 289 1206 3
1208 1027 0 1208 0
1209 1027 229 1208 3
1210 1027 0 1210 0
1211 1027 229 1210 3
1212 1027 0 1212 0
1213 1027 229 1212 3
1214 1027 0 1214 0
1215 1027 229 1214 3
1216 1027 4 1216 0
1217 1027 233 1216 3
1218 1026 5 1218 0
1219 1026 234 1218 3
1220 68675 62 1220 0
1221 68675 291 1220 3
1222 1059 188 1222 0
1223 1059 417 1222 3
1224 1027 0 1224 0
1225 1027 229 1224 3
1226 1027 0 1226 0
1227 1027 229 1226 3
1228 1027 0 1228 0
1229 1027 229 1228 3
1230 1027 0 1230 0
1231 1027 229 1230 3
1232 1027 0 1232 0
1233 1027 229 1232 3
1234 1027 0 1234 0
1235 1027 229 1234 3
1236 1027 0 1236 0
1237 1027 229 1236 3
1238 1027 0 1238 0
1239 1027 229 1238 3
1240 1027 0 1240 0
1241 1027 229 1240 3
1242 1027 0 1242 0
1243 1027 229 1242 3
1244 1027 0 1244 0
1245 1027 229 1244 3
1246 1027 0 1246 0
1247 1027 229 1246 3
1248 1027 0 1248 0
1249 1027 229 1248 3
1250 1027 0 1250 0
1251 1027 229 1250 3
1252 1027 0 1252 0
1253 1027 229 1252 3
1254 1027 0 1254 0
1255 1027 229 1254 3
1256 1027 0 1256 0
1257 1027 229 1256 3
1258 68675 60 1258 0
1259 68675 289 1258 3
1260 1027 0 1260 0
1261 1027 229 1260 3
1262 1027 0 1262 0
1263 1027 229 1262 3
1264 1027 0 1264 0
1265 1027 229 1264 3
1266 68675 60 1266 0
1267 68675 289 1266 3
1268 1027 0 1268 0
1269 1027 229 1268 3
1270 1073810497 63 1270 0
1271 1073810497 292 1270 3
1272 1059 188 1272 0
1273 1059 417 1272 3
1274 1073810497 63 1274 0
1275 1073810497 292 1274 3
1276 1073810497 63 1276 0
1277 1073810497 292 1276 3
1278 1027 0 1278 0
1279 1027 229 1278 3
1280 1027 0 1280 0
1281 1027 229 1280 3
1282 2147680259 109 1282 0
1283 2147680259 338 1282 3
1284 1027 4 1284 0
1285 1027 233 1284 3
1286 1027 0 1286 0
1287 1027 229 1286 3
1288 2684420107 53 1288 0
1289 2684420107 282 1288 3
1290 2684420107 53 1290 0
1291 2684420107 282 1290 3
1292 2684420107 54 1292 0
1293 2684420107 283 1292 3
1294 2684420107 54 1294 0
1295 2684420107 283 1294 3
1296 1027 0 1296 0
1297 1027 229 1296 3
1298 1027 0 1298 0
1299 1027 229 1298 3
1300 1027 0 1300 0
1301 1027 229 1300 3
1302 1027 4 1302 0
1303 1027 233 1302 3
1304 1027 0 1304 0
1305 1027 229 1304 3
1306 1027 0 1306 0
1307 1027 229 1306 3
1308 1027 0 1308 0
1309 1027 229 1308 3
1310 1073810499 61 1310 0
1311 1073810499 290 1310 3
1312 1073810499 61 1312 0
1313 1073810499 290 1312 3
1314 1073810499 61 1314 0
1315 1073810499 290 1314 3
1316 1027 0 1316 0
1317 1027 229 1316 3
1318 1027 0 1318 0
1319 1027 229 1318 3
1320 2167811 87 1320 0
1321 2167811 316 1320 3
1322 2167811 87 1322 0
1323 2167811 316 1322 3
